   6
Human      0 15 288 317 175 238
Chimp      15 0 292 320 181 245
Mouse      288 292 0 141 288 341
Rat        317 320 141 0 311 360
Dog        175 181 288 311 0 235
Cow        238 245 341 360 235 0
